1000 2
3.763046 -3.403656
6.916363 3.206021
-6.865814 -10.961016
7.166261 -24.062677
-3.140315 -15.862593
0.925502 3.616455
5.796201 -12.320903
-0.444352 -4.076674
5.600067 -13.344404
-8.873033 -16.005863
2.631073 -3.485630
11.808450 -14.128543
2.773273 -6.959983
12.896292 -4.460724
6.894940 -13.165389
-3.599062 -24.430582
-3.737944 -16.201670
16.419868 -20.013472
8.710128 -7.443220
-0.840747 -20.468573
-6.861029 -9.638325
6.750899 4.002948
-1.651872 -20.179787
7.098756 -24.262421
9.566323 -15.652310
3.650980 -20.082369
-1.382759 -14.184404
0.192174 -4.461803
-4.455086 -21.792086
0.292949 -25.483561
2.867977 -15.780582
16.894711 -19.415831
10.439175 -4.212399
-1.327747 -22.961033
6.231063 0.947209
12.926460 -12.739029
10.555972 -6.401733
6.313093 1.233482
0.968117 -15.547862
11.433243 -4.805138
6.453655 -15.749432
13.234433 -18.755642
-0.160210 -15.987107
-0.226309 -19.433075
3.354787 -9.595851
-3.748567 -17.512028
11.401638 -18.507145
14.425141 -13.818417
4.294924 -10.174572
0.665885 -4.010880
4.215386 -5.376377
7.967892 3.871131
-6.986262 -22.815123
7.232649 -19.816151
-8.100197 -20.953819
13.728277 -20.345480
10.459014 3.198867
-3.411872 -19.819193
-5.778014 -11.509662
8.337236 -23.784763
-8.036094 -9.432094
4.382652 -24.695089
10.919529 -6.810858
7.492731 3.636123
-9.518337 -14.070519
12.092763 -14.032706
13.368441 -5.557738
8.231295 -19.060881
11.729481 4.104968
7.184687 0.420620
7.249568 -13.417455
-0.603258 -25.399351
7.384796 -14.682291
13.055707 -5.256504
4.025731 -8.021197
6.291580 1.744178
4.896600 -19.133730
8.684364 -21.570042
6.875942 -21.721918
-0.179851 -25.254633
5.844036 -4.957102
6.167287 1.421439
-1.897538 1.074024
13.088868 -4.709377
-6.372050 -21.344641
15.069807 -18.098480
1.981581 -8.656374
-4.236191 -20.258684
10.059214 3.586641
-9.052105 -16.876595
12.128408 -3.846897
-5.983568 -25.133350
-5.286609 -11.124490
12.896473 -5.025314
13.475601 -20.431482
7.168713 0.691632
-0.638324 -17.865280
13.994531 -19.771788
3.781990 -8.105300
7.448544 -20.784925
7.207826 -10.932345
-6.895833 -24.322659
7.087863 -13.692034
-4.371188 -23.137089
5.933506 -12.076338
8.891884 -21.337927
9.569277 -5.566310
0.238400 -3.089777
11.571049 3.987041
7.984236 -10.885579
-5.434012 -9.845400
-0.949811 -4.835350
6.108395 -15.252876
9.776164 -22.896074
8.896762 4.684969
-7.906243 -16.605387
-3.546185 -12.901429
3.190722 -20.797049
8.265943 1.812200
6.469000 4.282604
-4.953928 -21.524811
9.985007 4.212243
5.084451 -20.814798
-3.009389 -25.375029
7.796652 -15.624895
13.288736 -18.623302
9.334692 -6.188097
-9.573628 -15.875051
5.591599 -16.276989
13.833662 -6.331649
3.723215 -8.446548
-8.632603 -16.358568
8.067525 -12.609888
-2.150210 -17.920809
4.669777 -11.077110
0.112178 -2.311682
2.993889 -7.659012
6.155351 -22.358244
5.339710 -3.562825
-6.278698 -16.336321
1.043521 -19.323044
0.205730 -25.343567
-4.790693 -15.209779
2.552298 -21.351500
2.797680 -10.284877
12.717161 -13.679676
14.496181 -18.381041
11.737463 -5.616529
-3.544511 -16.312578
1.843215 -6.388952
5.722904 -16.162270
12.347672 -4.043953
6.912838 -17.149115
-0.852401 -19.900734
-8.295429 -21.220970
13.356265 -5.234500
8.220497 5.183454
-0.258881 -2.539562
-3.294140 -9.156466
2.769785 -21.170214
2.551589 -12.089737
3.630658 -20.054333
-2.426787 -12.888947
4.261756 -24.695961
-7.151418 -10.062397
12.839058 -5.449062
-5.903849 -15.971418
-4.192873 -19.872780
5.669472 -22.380135
7.018774 0.470439
-3.057063 -12.601826
2.950616 -21.007322
-8.355579 -21.289394
11.802623 -13.855640
6.748812 -16.211512
12.702861 -13.180242
-0.941306 -12.822948
6.995245 -21.788773
4.259117 1.988560
-0.960795 -4.517891
5.272102 -17.182573
-1.805170 -4.930951
5.406356 -4.879840
-3.915155 -18.347023
6.400279 -12.888110
-5.911395 -24.948280
8.969403 -3.913611
3.550408 -20.611185
-5.078829 -12.270174
2.621756 -21.288485
5.413342 -19.556974
12.647913 -13.765563
8.160639 1.877339
-6.048281 -25.068125
-5.830584 -11.785575
-1.766056 -21.365055
-3.412680 -10.279642
16.507729 -19.087660
3.117669 -7.398743
2.402154 -21.452295
6.202634 -12.517294
6.878027 -24.377615
16.888712 -18.108681
-1.450220 -4.707507
11.505249 -5.681370
9.632524 -23.554832
9.936867 4.030691
-2.099880 -5.060795
6.389833 -17.320839
10.195629 4.033643
8.841350 1.053103
6.567302 -17.452965
4.371166 -13.705713
-3.156523 3.352442
-7.385850 -22.450470
0.889856 -3.209596
9.195363 0.231341
-6.001620 -14.297662
9.387843 -4.135597
11.589595 -10.025787
-3.122662 1.684073
11.979448 -2.579458
-7.421402 -9.945261
-5.255209 -24.078234
-1.032979 -18.882143
15.362822 -18.002365
-1.664825 -12.458484
-2.159291 -16.850828
4.788476 -11.281227
10.685852 3.364434
-2.654099 -23.465433
7.071360 -17.765537
9.638603 -4.584265
-2.944240 3.480472
7.709370 1.676096
0.436465 -2.703472
14.719172 -14.112596
-6.057166 -13.700742
10.753157 -3.671352
11.997849 -10.660296
8.204777 -13.141575
11.283235 -1.723906
1.235758 -3.611827
-5.028697 -23.216429
6.913197 -4.068859
15.394057 -18.491711
11.834408 4.178256
-2.088923 -16.966639
6.005984 -12.088297
10.854431 3.823407
2.535735 -16.179379
6.376714 -17.604855
4.435063 -18.587223
-2.105985 4.329525
4.889861 -5.434595
0.350731 -2.136491
10.136089 -21.675863
-7.265188 -15.344631
-0.925418 -18.480192
12.307295 -10.852008
10.384484 -13.230093
13.040461 -3.467998
9.776712 -15.522747
-5.101093 -23.610838
-4.737681 -9.632514
14.830586 -18.941339
4.943942 -7.235841
-1.942591 -16.465570
1.923736 -16.846622
8.355019 -19.263351
8.153962 -15.544680
-5.680434 -15.295687
-8.253317 -20.886284
11.982658 -10.708603
10.588743 -22.135044
-6.921063 -14.529043
7.583694 -16.654722
-2.306885 4.192703
5.204702 -3.519048
-0.621683 -3.833061
-3.277894 -17.722113
0.151835 -2.938802
-3.936822 -9.254475
9.856351 3.947695
1.795709 -8.157270
-1.774946 -16.771351
10.573961 -6.054159
12.612723 -11.396887
-6.338157 -21.157015
-6.228164 -15.027377
7.941940 -18.553148
1.038684 -2.055621
1.962969 -14.107295
8.358522 3.557666
-7.741463 -9.623380
15.852876 -18.223257
9.113614 2.297581
-7.532598 -15.478844
2.920367 -7.124947
11.847229 -2.487171
9.753771 -20.516146
-4.063853 -23.533810
13.601201 -6.114977
7.298061 3.495822
-0.442106 -12.423419
-2.931216 -23.811262
6.750781 -2.022818
-3.191247 -22.429457
-2.500375 3.312542
8.791505 -20.710749
6.333885 -15.486360
12.574701 -2.983358
11.328045 -17.363043
-1.608752 -17.240578
-7.206520 -11.929605
7.686750 -22.183685
1.747717 -8.344725
-2.404008 4.102243
10.078821 -23.885040
-2.638159 -20.041113
7.830355 0.551958
0.618129 -2.395376
-5.216796 -10.838269
11.650227 -2.085592
0.365098 -16.924227
-2.695926 3.664179
8.007226 2.140244
0.900994 -1.759989
7.038875 -7.122454
-7.197710 -15.611669
3.885583 -5.224684
12.033681 -4.268649
5.369977 -7.374431
12.235637 -17.963011
-4.712561 -11.591662
12.490346 -11.055800
-4.168781 -14.951378
-4.344263 -24.199862
-5.357701 -14.102553
-2.725926 3.800709
-1.574015 -10.627680
-0.181399 -2.955305
-1.181160 -14.615021
16.256762 -18.417198
-3.958905 -11.829835
7.527125 -22.375036
-0.571164 -8.339966
-2.162365 4.278006
11.978930 -19.289160
-4.797442 -23.773470
-3.459227 -12.975566
7.321700 -22.767435
5.909061 -5.218370
-2.977844 -22.649714
-1.538223 -13.744306
8.588874 -23.006760
3.628584 -8.820689
7.212672 -22.074240
6.100079 -12.420358
7.809702 3.176346
4.815071 -18.997940
-0.688321 -3.735186
-3.198061 -14.568267
-6.059671 -16.414705
-2.818661 -15.601017
-3.079467 2.520709
7.483366 -14.738669
12.319333 -2.709525
8.525474 -12.948171
-6.628865 -14.819561
4.813654 -15.551678
-6.108762 -23.371471
-1.711969 -14.185241
-6.660863 -16.038918
-3.388367 -12.143139
-2.603568 3.936874
5.072776 -9.702603
-4.701505 -24.537071
4.755422 -20.437977
-6.186119 -16.435591
-6.574982 -10.699917
-2.986139 3.470244
6.836144 -13.444244
-4.215873 -18.776377
0.714086 -14.170582
-2.830656 3.863325
1.960959 -8.182128
-3.628992 -23.232025
8.577021 -10.388012
-2.997442 -19.151669
6.212651 -20.809187
-0.742763 4.518890
2.633366 -7.065815
16.179146 -19.872030
6.767591 -11.695647
12.919065 -3.248665
8.156488 -7.871457
8.834480 -23.505960
6.095637 -13.931765
6.867757 3.802870
4.618313 -18.857641
12.292625 -6.441175
-7.277377 -14.137120
12.137743 -10.467445
2.263844 -6.577095
-0.025978 -3.022679
6.356057 -11.962062
12.083249 -10.501039
6.973573 -15.786984
-2.896824 -20.207199
5.206377 -20.956423
-2.786488 -23.966249
-0.221816 -15.293916
-7.271919 -15.608658
12.723547 -7.387498
15.910710 -20.540964
6.833408 -21.327372
11.716184 -12.730330
10.893311 -13.786042
-2.882712 -19.327875
-0.390090 -8.511415
12.639852 -4.168127
-0.155886 -17.665701
-2.249925 -19.815849
1.208302 -10.977726
-1.205093 -4.294047
-7.649091 -23.745405
7.163794 3.676008
-2.256397 -12.002900
9.758988 4.156360
9.047487 -7.067111
11.822142 -4.011249
-3.549542 0.705546
1.354018 -1.876640
-4.944186 -10.171827
9.274338 4.491596
-1.484342 -10.519114
12.441187 -11.316055
-5.428952 -12.003920
16.419937 -18.703829
10.798585 3.291579
-2.529088 -17.571835
-4.712455 -14.474710
8.393691 -23.282768
5.191148 -11.894183
15.120255 -18.848476
-3.629823 -10.491278
8.959252 -22.911339
-2.333973 2.780847
12.900192 -3.725751
7.142246 -16.386303
7.444504 0.160800
2.425840 -4.640808
6.753242 5.083184
5.866368 -14.723468
7.848792 -21.817627
13.579765 -17.239218
-0.947706 2.855621
9.717933 3.721162
-2.355430 -11.837414
-4.172251 -11.589265
-7.695186 -17.041292
9.051022 4.578197
12.310879 -13.441031
11.108436 3.675170
14.176188 -4.166163
7.539413 -19.378056
-3.596490 -25.713209
-2.805293 -9.076916
14.736052 -20.817545
7.093889 -11.303365
-1.644212 -21.672613
8.554070 -17.281792
6.401484 5.120402
6.373506 -7.607095
8.516256 -24.961020
-5.229027 -7.319331
-1.103880 2.559117
0.479470 -16.896475
0.850568 -5.182805
5.783505 -8.625467
-9.785788 -16.222599
-3.023009 -15.145752
-3.479809 -25.852287
6.431237 -14.370208
15.255713 -21.045433
2.841725 -7.410675
1.243769 -24.346512
8.724115 -3.728176
7.999569 5.370810
3.288508 -5.502794
7.328177 -26.246292
8.346814 -21.507095
-1.369623 2.501019
10.638988 2.397540
1.761621 -4.484882
4.873399 -2.106649
1.178083 -25.012205
9.477494 -7.348923
14.186499 -17.976793
1.797104 -15.330900
1.513527 -24.612751
4.961652 -9.793706
17.130703 -19.011267
2.928022 -5.117825
-5.284930 -24.413101
10.943953 -1.535665
7.822686 -24.656076
7.453838 -25.245607
16.546864 -16.705097
8.666067 -19.746256
2.191325 -25.256676
5.329092 -8.454949
12.688912 -13.291662
4.138562 -4.134387
-1.469246 2.795725
1.032700 -9.689561
13.422042 -18.439064
2.062358 -16.739435
5.783494 4.806608
-3.893345 -12.311418
-5.675892 -25.121479
-5.754132 -22.294382
12.108378 -13.386933
9.921781 3.831120
-0.286286 -23.226095
10.548061 3.619126
2.757434 3.893595
10.444851 -6.582097
1.440974 -24.348370
-0.418439 -22.250494
-10.322540 -15.737929
2.295333 -10.679531
7.172196 -26.399515
9.148756 -3.856310
7.427474 -26.086033
10.463144 -3.887640
12.735868 -11.512234
8.510562 -19.848999
13.547452 -20.223881
3.473495 -12.784190
-8.315436 -16.562500
6.677598 0.686101
14.928007 -14.275109
2.887865 -4.927198
13.752209 -18.956980
3.883800 -5.658903
12.970315 -6.560978
-1.639835 1.185691
-1.034293 -1.856185
-3.781836 -12.181024
-0.651727 2.706281
8.547708 -15.984153
8.634608 -24.094183
6.811739 -3.918974
-0.861115 2.972165
5.395946 -16.002636
-0.967663 -1.732523
7.535460 -11.221530
17.031944 -18.310032
0.875484 -19.849962
-1.049181 -1.491340
-7.179308 -22.654875
-0.782636 2.969499
-5.870040 -13.512391
14.131540 -4.941541
-2.263085 -13.071694
-2.014450 -24.795053
-3.415926 1.017517
-9.335082 -15.894393
-4.861368 -21.373915
14.494468 -19.149847
5.915747 -15.637633
7.318900 -23.682062
3.672508 -12.852910
16.773006 -19.425556
-0.798958 -11.890133
6.191142 4.974411
9.437473 -6.619878
14.251028 -13.675982
-2.988659 -12.765201
-0.682037 -1.622609
9.247986 0.264214
1.188921 -24.099649
-3.095860 -7.771284
-9.452338 -16.997833
-0.951826 -23.588785
7.781476 -25.787863
6.448436 -18.961157
-2.371128 -21.134031
-1.372276 -15.004973
-0.322288 3.247016
9.254851 -3.485175
8.093233 -25.322794
5.911963 -5.806722
0.292402 -23.579737
10.698596 2.663321
15.010858 -6.054206
13.314334 -3.422915
-1.517874 -24.595860
-0.857589 -15.711967
1.588239 -24.517231
5.155076 -5.550961
4.294371 3.964904
8.050056 -17.029015
-10.431753 -15.572576
-6.774101 -9.500901
15.089087 -5.889173
-3.749469 -10.580725
6.997470 -24.125881
-4.267996 -9.315562
6.236818 -25.002325
9.348240 1.711072
-0.561192 -6.094678
11.960677 -12.373369
14.836322 -20.917913
-5.746861 -11.735473
-1.838574 -24.587095
6.529349 -13.229112
-1.332269 2.409753
6.707096 -3.758832
-2.652538 -20.693958
6.443452 -2.158438
15.209480 -6.099279
-4.916029 -22.164415
6.691150 -7.990319
-7.480885 -18.410845
-2.481674 -13.923690
2.298708 -10.001553
-0.762929 -5.850201
8.467369 -8.877254
1.770893 -24.671347
-7.281177 -23.951633
4.474707 3.809637
0.915279 -18.457859
1.085543 3.734700
-1.254901 -18.674072
8.177361 -25.469212
5.714372 -13.550488
6.442247 3.427852
-7.980799 -23.686527
1.562568 -24.100962
-2.511370 2.533045
0.900331 -4.515478
8.353470 -20.144247
-0.539967 -6.076553
6.066542 -20.369730
-10.459893 -15.642355
7.854539 -18.359184
14.692181 -6.353920
2.925053 -15.953092
-2.257804 -25.097925
4.174839 -3.240002
14.918242 -14.242784
-0.390266 -17.624004
-9.331764 -16.687572
6.562902 0.939921
-1.641007 2.275717
11.004777 -1.558608
16.533579 -16.709921
8.592184 -8.194209
3.019921 -24.965864
8.530799 1.386088
-9.810832 -16.433592
1.967042 -16.972563
15.350039 -6.111892
8.266575 -0.668600
2.744188 3.913141
9.544133 0.803712
6.211089 3.636422
11.085887 2.571639
6.973380 -23.453579
11.159261 -6.926906
-2.250394 2.952543
8.460196 -17.374903
1.881098 -3.012355
7.389538 -16.706131
-8.708307 -19.189159
5.627858 -15.023054
4.582365 -1.872030
-8.001757 -15.022496
13.747734 -3.080176
-4.676691 -9.572660
-3.155388 -24.599537
-3.269002 1.268385
16.728975 -19.753809
-3.111006 -10.385552
-5.120259 -17.932646
4.317328 -18.121754
5.988672 3.780680
7.711170 -5.456845
6.874122 -23.178411
-5.952893 -11.597034
-5.819076 -6.516781
3.412875 -11.332880
0.907456 -1.955968
6.680860 -25.459700
-8.409814 -19.156300
9.038936 -21.744308
4.812871 -1.865393
-7.945099 -15.001191
13.648393 -3.085483
8.991554 2.175292
-4.986827 -24.697575
-5.256725 -8.417192
16.971367 -19.557499
-5.923364 -9.698849
-3.666534 -18.657185
3.002494 -10.974459
6.844824 4.431973
6.697759 -14.104771
7.536330 -24.924913
3.509790 3.073207
-2.064989 2.995149
5.401212 -19.667431
1.175625 -1.858487
-2.691550 2.279372
-8.410718 -17.727991
-1.012115 -11.584563
6.042038 -2.184097
4.801814 -13.368116
14.352279 -4.073651
1.379975 -8.759940
-2.679803 -25.031191
-7.250376 -22.411123
16.825598 -19.846247
2.435174 -10.568216
-4.897829 -18.287220
0.598701 -19.639898
-8.657590 -19.060425
0.288340 -16.812622
0.996613 -1.528859
4.819098 -20.691648
6.427228 4.733343
11.484320 -17.640909
14.527060 -4.492628
2.534007 -9.902204
14.942589 -5.503943
5.469997 -12.515693
14.517732 -4.569139
4.701132 -9.010349
-5.214173 -17.983915
-9.326077 -14.213656
5.905933 4.586725
-0.352625 -13.876404
4.752095 4.412961
2.491371 -13.971146
8.050780 -24.481646
4.348480 -7.608945
-7.986788 -19.480465
-0.280923 -13.228404
4.307250 -1.299431
2.206137 -6.495749
-2.524276 -24.976318
-0.417500 -15.034853
-4.760798 -19.284647
12.285768 -19.639994
4.462477 -1.137502
11.724566 -18.337271
14.800216 -4.359706
1.530975 -8.818902
14.675679 -19.441702
9.477723 -3.521595
-5.564406 -18.234106
-5.605931 -9.467106
9.553748 -22.268116
12.182719 -18.206381
2.314464 -2.556518
5.279011 -6.626699
15.546497 -19.819773
10.362012 -13.330514
3.784134 -1.624600
-5.938179 -19.048891
-4.768403 -22.827147
-1.863950 4.037707
12.800761 -11.079425
6.858163 0.057183
14.303715 -19.171520
-1.321878 -10.280801
9.479311 -23.717508
6.652063 -12.971765
5.979241 4.698778
-4.743733 -14.213767
9.636670 -23.440996
8.657228 -12.333419
14.501660 -4.934064
-0.588792 -12.694946
6.636349 4.757519
12.587874 -7.313006
2.190795 -2.321959
9.383944 4.429454
15.299087 -19.511431
1.074296 -9.748294
-5.343445 -18.342667
14.079567 -6.219265
-1.581942 -24.192760
13.436385 -17.503164
-7.538058 -17.165855
-6.478336 -21.279734
4.163453 -1.503710
-3.672724 -13.922644
-5.737085 -6.689253
10.901801 -4.759212
-1.695332 -24.383772
-6.427817 -10.539843
3.954884 -1.881158
-3.629317 -13.597596
-5.690918 -6.682599
4.529215 -10.559494
9.524359 -22.000090
10.385387 -5.593482
1.387995 -1.515428
-3.163928 -12.515315
-5.870972 -6.456947
4.606760 -20.612181
4.812446 -2.252237
11.303291 -5.199143
16.084352 -18.873602
8.100292 2.344282
-4.483305 -23.217001
-3.545177 -10.156738
7.696311 -25.659147
0.125623 -19.080894
15.021454 -19.782534
0.494689 -13.497730
4.837458 4.527088
-7.937750 -9.430365
-3.215723 -19.640524
-8.195415 -9.247377
14.870412 -5.686387
4.577512 -19.337948
14.945320 -19.071226
4.320631 -3.571019
9.326789 -22.220213
-5.787043 -14.701972
10.016647 -22.797640
7.596259 -5.309671
4.495644 -1.666255
6.130317 -16.200150
-2.455667 -23.934385
3.775065 -7.255773
14.156236 -4.225444
-5.816815 -9.562310
0.541004 -1.124933
4.349614 1.902755
4.029180 -1.444781
8.901277 -5.918050
-8.197672 -17.859406
-6.371426 -9.846142
5.170250 3.174039
12.524153 -3.191812
-8.571927 -18.788271
12.470062 -6.807682
-2.651366 -23.655735
-4.160048 -13.231277
-8.515843 -18.873436
3.789529 -8.821487
1.367823 -1.396387
12.777801 -20.947206
5.164838 4.030170
6.967507 3.246680
1.655733 -1.660208
4.270281 -18.344610
-5.576306 -6.881345
1.139145 -18.712526
15.700358 -19.169874
-4.298550 -21.688087
1.246624 -1.609394
-6.183397 -21.503073
4.581867 2.855981
5.342626 -11.665975
8.749529 -23.118702
10.881358 2.886163
-1.877232 1.403439
2.870504 -5.778935
1.689400 -6.723932
3.318326 -11.273515
-7.080694 -12.305309
3.536357 -12.739213
11.488068 -13.414154
-3.133523 -23.772772
13.172259 -5.076035
-7.607685 -10.362481
-6.726215 -23.956568
6.505244 -18.875137
15.760961 -20.469294
4.696548 -6.839761
-5.874508 -19.092562
-1.037268 -17.679899
3.469884 4.535789
4.257310 -5.967815
8.394854 -23.528851
7.846385 -14.236350
-0.285964 3.179377
-0.953597 -17.018396
1.594447 -4.410343
-7.999816 -19.152029
-8.988569 -14.632845
0.294711 -17.026337
11.884672 -12.491062
-0.907444 -15.437128
14.293120 -4.680539
7.312063 2.140682
3.287953 4.419487
-7.315464 -22.114061
7.736350 -24.656706
-4.881989 -10.446829
-0.982792 3.405893
-8.033616 -23.634592
1.381529 -4.034764
10.678075 -0.798289
-2.745505 -25.321108
6.528875 -8.105021
16.102846 -20.700237
-6.207876 -11.407599
12.115467 -12.986557
9.848272 -5.750822
-0.668962 4.230763
5.147553 -23.317682
9.290250 -24.234789
6.687820 -17.572273
12.310231 -13.091631
8.509683 -10.487680
14.961989 -20.491783
1.872020 -7.994222
14.398136 -20.453695
-7.220540 -10.318479
5.415193 3.076206
-4.245775 -23.336903
-5.886194 -18.960531
-5.987329 -18.640999
-0.411746 4.343840
-5.235951 -9.941035
-9.875437 -18.106169
-5.449827 -22.381617
11.615544 -14.362520
0.912600 -13.878385
-9.595458 -16.816484
5.956182 -20.326151
14.741578 -8.041062
-4.725916 -11.442307
9.218142 -24.879713
-6.304699 -24.669748
2.172361 3.517299
11.682071 -2.263911
-6.471191 -16.254990
13.923620 -20.646120
11.653533 -13.631909
5.182901 -23.290762
5.282648 3.543675
0.583452 -17.148607
8.480360 -25.133213
7.950830 0.281636
-0.122684 -6.814936
-3.795073 -23.728741
14.364830 -7.252875
4.597950 -2.938734
4.125376 2.980669
9.773817 -5.535580
8.010277 -23.568941
5.730545 -7.674134
9.566843 -24.488749
-5.918521 -22.070351
16.448475 -19.743956
15.048512 -14.354614
4.561848 4.142201
8.875537 -3.749791
-9.082557 -14.704194
0.460114 -14.506909
-5.764668 -23.752480
5.478868 -5.748760
-0.363553 -25.576571
12.397060 -19.573393
14.522717 -6.920657
1.525447 -10.855499
1.708575 -3.716401
11.929311 -18.359743
14.900534 -7.745138
5.884203 -12.194247
3.898081 3.314271
-1.954563 -15.599310
-4.146570 -25.194756
6.703128 -14.038801
-0.147867 -6.722823
10.941967 3.228146
12.493363 -12.730677
11.230847 -1.778595
-8.526013 -16.748291
-5.955546 -12.921999
-0.544643 4.126992
-7.296559 -10.211651
-8.810830 -19.253574
3.278807 -5.051116
9.367603 -24.782066
-7.069776 -22.753401
-7.959562 -19.733664
9.634208 -7.193944
3.534928 4.237698
4.436281 -5.238978
14.854064 -7.831950
