1000 2
-100.011429 723.640137
49.389076 1190.132690
-622.629761 449.277405
1859.764404 -218.212906
-34.428757 95.954185
578.598450 181.250031
-232.905197 529.420105
1459.938843 274.087738
-164.903397 -523.397583
-497.328827 -613.062073
-269.301880 352.845764
682.586853 -425.163300
298.710846 464.516510
-685.171631 -71.283379
224.692352 49.643887
274.314636 -639.435913
-302.331879 -25.883837
793.041077 -454.366364
307.826508 129.543243
1541.428955 -187.369827
-616.557800 168.333878
452.769684 1019.370178
-48.898006 -477.013550
846.400452 130.131088
-279.603790 -368.129517
88.613419 711.244568
-294.037384 588.544128
168.057846 14.211990
59.082272 -1095.232422
990.393311 -614.988281
78.908142 112.629074
863.599976 -900.961487
1007.119263 -592.107971
-76.927414 91.304352
425.697723 -121.667068
-83.988930 -956.296692
-173.719330 -281.369537
33.336670 -266.679230
391.152100 173.964935
90.240471 -226.584732
1060.843384 -114.184074
275.840729 -77.804413
426.701202 190.384262
729.976013 -238.413223
-60.740391 270.506226
321.861725 217.252167
-240.478577 -229.499161
735.646912 -508.349060
-519.951477 819.175903
-94.822533 39.244766
854.977478 1100.714233
-174.911819 1311.220093
-768.596924 -1247.881592
139.683258 -662.955200
-569.769043 -651.923828
236.670547 -593.070740
-1290.391968 364.513184
91.826057 -1001.350769
-1168.247314 -325.259552
1221.046753 539.255371
-1012.383423 300.594940
-126.918793 -297.565491
-155.144272 903.103210
212.823746 512.184937
-1238.023315 -559.464966
-47.027615 -225.005875
-741.321777 527.023560
-102.571884 -299.336456
-1253.707031 373.182556
-189.047897 -612.731873
365.591675 -58.916996
670.625977 -1278.265259
419.591705 -151.293594
642.551880 455.963898
-150.473038 355.975677
327.891022 550.481995
39.314041 928.981812
33.087006 236.182465
98.993385 -239.415894
-849.384460 -483.040741
-789.040039 -144.769135
2.857510 -228.497757
40.605190 197.289154
-2072.063477 376.706909
-437.259888 -716.354919
91.898392 -349.026978
92.001762 -91.631050
-95.731636 -653.039978
-443.276520 695.615540
-914.716980 -1283.262451
-298.202881 -391.178497
-7.896183 -966.927795
481.355927 319.880341
-157.218506 188.143402
407.708160 -373.916840
-280.648468 -519.224426
380.013184 183.733002
-116.648605 -108.588242
-217.212799 223.776840
-6.074323 -458.112732
-312.165863 180.643616
-665.513977 -1265.162720
516.288757 -486.986847
-448.790070 -816.052368
-578.330261 137.235001
-410.930511 28.548840
-205.637451 -346.965302
766.057068 369.718689
-784.372986 340.794464
-721.898743 -310.919952
-1147.680420 844.618103
872.192932 -316.724396
-288.521149 -375.167603
668.369995 586.673889
-271.922913 965.541138
-694.985107 -902.111084
-118.943336 177.064484
276.094116 833.695618
181.895050 106.265518
242.191681 1631.571167
83.177406 -749.358704
-417.837067 899.093140
799.109558 706.332642
836.377502 -1113.223511
486.108826 -158.365311
267.848389 -154.942581
-647.149414 -118.278603
47.754459 -494.998413
409.032562 -167.688156
-180.784973 745.476624
-333.199646 256.367798
-1027.087891 -287.578033
-255.982742 235.165146
-142.726791 -59.987541
-315.150818 236.494171
-693.359558 285.446198
401.844879 100.518158
255.352722 -753.486023
-651.693909 621.699341
-158.064972 -361.465332
316.742188 50.499111
274.940094 -385.136169
-259.138855 40.831169
763.912537 -32.659348
381.088135 214.357086
592.779053 -581.445740
398.105957 -956.490967
104.835907 -247.122528
-315.517975 -64.144547
-649.177673 -102.794388
397.835175 -1.839360
880.332886 -399.333282
501.543915 29.177385
443.092590 -239.169479
-153.920639 -372.286194
-368.184052 140.343933
4.488851 614.242432
356.924988 309.681854
-173.314728 1157.051392
427.125275 39.816547
139.444458 368.320984
109.743050 678.564209
-474.886841 586.970276
-856.900024 -242.705460
-302.827972 100.500168
-410.000397 506.605530
-163.849411 -313.580750
-10.207279 -936.911316
163.920151 -530.600708
-82.047188 -190.654922
-255.924332 457.473969
168.107605 724.872498
-528.051086 -277.397705
92.257538 -166.358109
-42.807690 140.800873
473.241150 -592.150269
302.955139 471.019745
-170.318329 -761.028320
160.382385 479.361450
-426.620453 147.477509
-661.106750 -92.007607
481.626984 -284.712341
-569.914185 -344.224548
-370.385437 -927.170288
617.204529 69.644569
-277.507355 -1827.261230
-119.313965 -447.022614
-177.479340 483.770599
-316.564087 729.285339
-12.392180 931.745667
445.552460 390.092438
287.235382 -648.322937
717.403137 164.174423
36.050213 -1000.809326
-96.179817 -230.875854
654.277832 -91.725807
-984.025940 29.051891
-798.502869 -469.324615
250.914276 35.627842
706.399902 -7.227159
-279.532440 345.251404
-802.355164 -277.209412
595.209534 -1259.422852
410.489563 -249.234604
61.760132 -276.633514
869.490051 1280.217529
79.393471 1216.996948
332.563263 -1189.204224
39.412109 236.829758
312.135071 526.828735
-951.366333 -144.636749
-780.966187 384.273376
-468.800354 -95.840027
1205.876221 522.654480
-146.284271 -16.378420
-700.324890 -24.463816
710.515381 44.658794
-507.976746 -203.768936
-287.885437 202.814697
20.456945 130.739304
166.159622 -239.664261
900.796936 -370.178772
-1522.646973 340.030914
-417.283508 -1260.835083
765.654541 -530.160522
1189.727905 -644.550110
283.383148 496.204407
-362.544312 147.091080
-9.664018 91.644943
-791.837219 221.723938
794.613647 -1174.163818
428.795105 3.199457
-651.712463 -61.297615
716.885254 607.832520
547.428345 -8.227636
317.403015 258.522247
85.317291 401.000885
1094.805908 -242.093567
-679.464478 -666.281616
46.184898 -428.616058
127.607399 320.897522
-1109.258667 -1028.400757
357.711578 190.843140
-541.384766 -904.312439
-301.272430 716.586121
-98.131409 -183.000946
1489.859497 291.647705
-366.708710 109.868164
-489.890533 461.112671
-1500.904053 616.431641
140.581680 -19.220783
1046.209717 -327.004303
-82.933929 392.696259
789.369202 543.639404
-379.790222 164.254623
634.689331 1088.857300
1227.466187 234.940842
-1120.419067 -396.169952
198.883514 -630.024841
-122.911674 -287.587463
484.664062 -491.453918
502.353760 136.747849
-780.958496 -166.489700
-4.694829 -1091.944092
-344.277405 559.751587
601.166260 -1053.502319
-658.434875 306.668335
-242.957108 474.195984
410.425812 -385.882294
-625.438904 -135.125229
-122.281952 -494.449982
472.771179 21.877361
-455.539062 -624.886841
87.438965 -364.480164
-238.946564 1137.324951
150.343018 -240.025528
512.262878 -187.951843
109.139000 324.832367
-549.086548 552.401062
-405.640381 -95.258659
-124.482124 -698.499878
605.835754 976.015930
-163.349411 781.550964
158.261337 520.212952
-365.986664 41.609138
-343.874969 101.868980
-254.759277 -244.956131
-534.197510 -474.382660
-380.704254 -299.286530
35.148159 -93.464951
-29.592300 -405.466339
1031.577759 965.789124
-133.762894 -440.375824
-408.342926 971.926880
-652.952576 386.012756
715.330811 -498.958069
-785.991028 272.467194
-351.363647 -292.017761
67.337463 238.550186
-1395.133545 -754.682800
-84.174927 -167.460266
-289.316528 -791.753967
-234.238693 388.147766
-274.480713 151.554108
-387.432800 679.279907
195.742966 -516.169556
-94.540031 134.340607
107.565262 -600.059204
-719.162109 475.964752
-634.930237 86.096848
559.273987 -373.904388
247.108109 -373.917572
-15.625722 -81.703239
-604.960327 -182.100586
-85.064049 352.442474
-188.207916 405.825806
-417.039032 -114.259079
-151.613495 483.533661
584.846863 279.945221
-422.820892 -359.564087
-87.594322 -226.883759
670.034241 320.648987
-1264.863403 288.387878
-674.836426 -898.305115
281.590057 -333.286957
267.961670 682.241577
478.049835 -61.303638
413.117035 948.095642
-424.999207 -236.542511
507.978333 -282.845093
403.991455 868.625366
218.361328 -241.803040
-504.404083 526.130005
-95.597946 21.689688
254.398636 307.103638
-553.128845 -273.928223
-500.576416 197.579514
1034.951416 -1023.229675
-123.744896 107.324951
407.402832 608.281128
-470.522217 722.488770
-734.047546 680.269470
50.908661 -77.051003
40.806274 -543.206299
-452.079132 474.789795
127.340561 -483.051392
836.151794 -406.896912
798.703369 544.117493
268.877716 -218.939072
277.185516 -817.443665
261.601807 109.934448
-563.362366 -251.326660
-473.910767 -365.275391
-118.632736 -407.861877
-264.583435 344.676178
-17.274094 609.005005
-44.448994 -391.403900
8.046366 -585.114136
184.243881 63.720726
273.347809 993.007202
-238.307404 687.782288
1687.673218 325.874481
-42.830315 116.346260
363.350983 -209.535950
-339.621033 171.029556
-291.437317 -113.204887
387.101715 -285.253693
510.698944 -706.886230
-434.538025 56.800030
-516.896790 -720.650879
-184.875412 -116.621124
443.159393 -908.455627
179.500443 493.961029
551.606201 -297.754822
-506.245819 241.810684
-288.438416 54.337723
-218.982407 435.194885
-35.254459 -994.210571
420.562073 482.660400
829.359253 -495.517029
625.283325 119.833412
-303.221161 0.129102
-285.768066 32.060268
-188.734131 -841.681274
229.133820 52.379261
96.945633 571.405640
324.598938 -1.991935
-362.066711 -862.444763
430.794464 -143.958542
-64.046349 -951.392883
231.901184 75.612732
896.204834 1045.998047
0.312524 398.244385
495.567230 -627.094482
185.954071 -221.022491
-84.313148 234.580780
17.334322 156.603653
401.894257 1083.859253
310.136353 -464.257568
86.751701 221.871201
481.116943 360.294403
-431.858643 -208.706680
960.327332 -286.272797
-221.472855 -112.962013
-112.575691 113.370667
128.203384 1078.943359
-234.127136 506.866486
258.769257 53.282112
-487.014496 -83.629433
-532.219299 -572.448730
94.099602 223.461807
-350.538025 -468.096680
139.892944 622.192993
-150.561996 -483.233154
-87.322464 398.571228
1295.193726 -521.224854
366.035706 -430.936615
306.880554 -336.025940
-500.462677 117.550926
1000.560242 -656.423401
-421.900055 -108.690147
513.791443 137.896408
-231.615936 -154.850082
-586.115417 153.073837
-458.458435 601.911194
235.086197 -136.816818
-436.901611 26.347197
102.211845 103.999710
142.237579 -182.721069
-487.621429 910.434082
277.297028 129.361389
-1364.471680 -222.984985
419.452911 507.261536
-672.857483 723.210693
257.898224 865.477417
-174.874817 978.890808
-385.416962 -88.525269
-482.169220 -307.992035
-511.077209 -321.532532
46.442898 -396.559906
382.171814 695.993530
-495.333771 153.506180
28.777765 25.842562
745.727539 -251.152100
162.032135 -244.747757
-396.716278 -172.218384
-461.028107 -281.315552
-659.884277 762.670776
1053.808716 317.427460
3.824683 -259.963562
-43.461136 141.776001
-584.112122 -326.337982
70.212341 15.404001
141.606674 1352.944336
-227.016571 -46.189037
-734.852478 -229.932693
388.650787 -21.777418
-117.880287 551.221619
-409.458130 635.775818
-41.982887 -355.258392
-94.963264 242.069260
-783.070435 -853.637756
198.548096 686.173096
-196.904495 -864.906555
-929.249695 344.903137
-983.894531 648.627869
-173.873032 -141.263016
-254.302811 -939.129883
548.462097 671.087708
496.350586 -1073.239746
87.582161 -151.940811
716.433655 -54.516476
776.650330 223.275604
-23.303543 935.999329
-730.776428 -87.979553
-1218.065186 66.233627
808.044556 -72.149719
572.284790 810.778076
-277.759491 317.161926
388.817627 -408.365540
249.193863 180.264313
-350.597839 -663.858582
64.703682 273.699493
1664.639160 -747.206482
274.238312 -24.533356
170.075302 -521.703857
168.261765 366.256927
1201.397217 -464.115265
105.373581 -34.334103
-352.780396 652.023193
775.524719 365.461792
2072.645020 -442.040405
939.760742 -265.100372
-207.053162 427.177795
1070.645020 64.164383
61.841312 481.157410
-252.504425 507.127411
-660.571350 -336.090790
-72.660965 50.590912
254.515594 -610.575867
1504.945190 -548.536987
717.605347 -341.530884
-111.710365 -230.736404
-714.625061 -139.239105
276.195587 606.614014
-833.401489 -719.945129
-1773.589844 -330.110596
-666.230286 291.304474
70.179688 -157.946259
474.328339 -309.056427
512.830078 -230.708939
1197.950806 -531.153992
-194.192947 -399.830414
635.625854 -423.959839
-142.288376 192.065536
904.825195 587.488525
131.100662 135.432648
114.017792 1012.010559
264.331451 -314.401733
-104.113998 645.481262
-472.926971 541.381409
294.085175 -1047.181152
577.767822 -509.770508
50.135353 -1020.106384
717.130859 460.283295
1058.073730 -411.486908
-203.275421 186.191544
1355.314941 765.257446
-320.999298 -46.428665
-778.444031 -29.578400
1029.980469 -471.953369
275.017731 32.244282
59.365616 363.340515
2900.736572 -335.195068
179.816223 -358.518219
503.041748 -84.755547
700.504456 -151.316025
-533.243347 -169.313080
629.976135 146.746353
-88.258110 -30.141153
-148.270554 -248.038651
404.557892 -386.603302
-573.000549 -442.540100
-99.497849 -469.969696
-170.930328 629.085449
51.694313 -300.453613
461.215668 1065.265625
-965.331604 207.211884
0.644245 151.942703
-82.813263 3.230104
294.074890 373.272461
159.880280 599.708069
-270.611053 -483.887085
170.091507 -202.409348
-291.846924 421.162445
875.165039 1112.576172
237.195114 37.958233
2336.788818 691.140320
163.607681 70.827209
895.591675 -1239.897095
-309.941040 142.845016
1392.901733 335.136780
-199.896912 -415.197784
762.923035 574.207947
132.221207 206.442657
-1474.527832 1125.025879
-358.223480 132.438431
374.349548 -637.067566
71.428757 58.612270
-568.736267 -154.971161
-138.258850 -350.161285
228.331619 -727.689453
97.873970 -13.124125
1086.287109 -311.122101
71.196060 395.657349
1160.546143 -549.496765
-374.451599 564.480042
260.302521 1196.903809
763.260559 -145.831253
669.085876 -564.639221
477.712860 420.226868
630.193237 117.887779
-873.410828 -112.420227
23.551052 -212.638580
206.020157 122.675636
-2052.839111 -901.458801
-260.094757 108.582588
-1005.372620 -203.635727
167.314041 279.939301
-72.331688 -212.136871
-234.743088 -70.826004
713.791931 909.608276
157.420441 -163.350143
-364.954407 -105.641472
-81.270882 123.662346
1232.058960 -233.033981
774.019653 264.797089
-1192.666992 1441.190918
-770.326721 207.799057
571.726196 -364.602783
-111.803680 -118.764679
2391.211670 -688.755676
-806.117310 315.505096
960.930969 956.893311
-74.691208 -50.826756
-130.082565 -596.217468
454.180054 -113.948814
640.316956 911.380188
526.902161 47.068409
-161.372650 -105.743477
-838.624451 256.756531
-0.861889 -93.123337
-205.200089 358.615021
797.282043 32.804211
293.274353 81.439346
240.205521 -472.620544
675.011963 -18.160408
1414.082642 -610.879822
-157.849274 -310.614624
243.903061 126.264114
190.271378 274.516510
689.062561 -189.146500
-24.272572 144.044357
-566.176453 307.119873
-424.446228 130.539474
-517.837891 -137.955048
-610.156372 -855.079102
-641.144775 160.174438
333.785095 636.350464
-67.193771 44.326550
476.660553 -318.142822
-315.913879 -253.244843
-330.643066 -1383.319458
-660.460449 333.105713
-51.073700 -38.935642
129.409103 241.884384
90.884773 -326.968811
2077.899170 352.457275
-38.175846 -700.003601
439.404327 1360.456421
-671.256958 -127.245583
2276.610840 -738.699341
-337.057465 153.657471
-361.942871 425.539581
292.145477 -106.886047
489.514496 35.734646
-33.624050 839.386230
-1397.063965 -850.888489
-7.697956 -436.809540
-309.170410 1099.245728
124.286926 185.990417
39.838390 -429.030914
-135.032394 474.366669
361.060455 -685.284058
-84.581039 -86.978638
-714.250366 -1024.497925
-267.008606 -283.208771
49.720562 -38.875168
-1031.472900 -299.784821
192.117172 -206.657104
168.832779 19.933977
719.106567 -472.408112
-92.568504 121.482285
191.045197 250.162827
-71.759117 -20.874924
177.241669 908.469238
27.756020 -358.164764
1080.505493 733.897522
-499.162384 25.137585
123.566750 447.161224
141.717148 39.291542
936.715515 -374.863251
-327.603668 813.560730
775.515991 110.907379
-98.182594 273.984344
-55.666302 191.902435
-351.273010 50.714268
-155.672775 -140.338318
71.164230 -257.388275
-144.068283 319.510345
252.282257 -153.578491
220.151886 -221.233032
-31.301399 284.085876
701.710999 -727.335876
212.131287 145.484482
441.808289 -249.542801
-150.740280 -321.329651
-322.248169 -146.037949
573.187744 -83.980377
18.591459 347.985016
-102.614250 526.509705
-361.936615 -326.903076
-1214.733521 -274.836914
155.971497 430.601379
-106.718979 -124.249565
465.766846 1115.769531
-583.850037 47.064308
-636.947144 -1119.699097
74.135269 11.625152
371.160492 50.653114
-60.169052 -13.068323
571.281982 -237.688736
-573.450378 146.328979
-133.679886 -1656.678833
118.927368 112.642929
493.278168 -936.701904
1498.030762 -11.041728
-135.735718 -482.410461
-286.793213 136.967911
357.068695 661.168030
248.965271 54.261292
-223.006973 -235.247711
-697.754700 523.387817
-459.448517 148.461349
178.386780 109.451256
83.713715 809.036560
91.762817 321.847504
-28.741489 -460.884796
186.737991 244.978912
890.944031 560.686523
-342.712433 -154.113693
-134.454010 576.732361
-4.962590 113.984077
315.693237 -228.411636
-379.514954 -859.685486
31.652014 -66.607933
-143.395813 20.167252
126.054466 -469.633972
155.740128 -12.260399
-520.599976 -1001.129578
10.881288 -112.784973
-72.488106 1252.945312
946.004028 589.350647
-45.516335 1336.706055
-261.282715 -247.386612
-1604.331177 390.913300
128.565948 85.465256
671.737488 -6.677718
520.828186 -15.987119
-992.197388 968.770630
7.975886 -304.513947
327.845490 -216.771790
-791.857178 -516.628662
445.924347 1514.483887
-470.612305 -42.720959
637.351196 692.920349
-162.703842 -84.255623
-237.866943 262.287262
92.539124 356.046173
1.411700 -736.971191
-0.975672 19.542500
59.138103 457.974548
-249.084000 568.388123
-289.901001 -727.920898
130.944351 474.481415
168.069794 -599.922180
-263.261017 -410.755096
-84.754959 -115.409645
109.087135 66.063171
-112.407600 93.811165
267.767273 111.852150
-549.186035 -463.182495
399.491272 -408.479858
-371.924652 -476.933380
116.675461 525.034363
-611.010193 -13.006989
-604.126892 -0.170702
227.861801 47.035690
559.309814 -38.710819
119.809883 -364.566223
377.822052 -466.154480
128.749908 520.171509
-264.888641 -513.859131
67.232155 -933.778687
-191.901154 82.895813
-688.505066 -283.101959
-397.339355 -187.495682
421.700806 -775.243103
-326.849091 821.992188
568.754456 1129.374023
301.798798 -461.509186
-42.734921 825.765381
-491.507111 297.256042
-398.929871 260.711670
142.199478 -82.462555
275.607788 624.631653
458.050079 132.711105
-105.567047 429.123688
81.357391 193.941910
238.943771 1195.800293
482.707794 -3.206874
259.805115 -898.737915
122.322128 232.110168
-519.341553 -598.167542
-300.349731 989.711121
42.746475 -169.759598
-12.807830 477.053040
231.294601 -236.759064
497.751801 -149.340164
612.138611 404.599060
-54.041992 266.575012
214.625610 -88.707603
881.224976 -298.069885
6.408826 16.911692
111.021370 -103.424385
88.708275 881.553894
484.593567 59.850277
457.221069 84.862373
-399.727386 665.963806
72.602211 85.547722
94.791420 -150.759995
51.544811 702.448425
-461.802246 366.511780
-160.262253 199.188614
-81.307213 255.480896
-483.551910 553.911377
852.583252 -461.575592
-569.836731 -39.216312
540.352173 282.893219
93.951332 -1237.065674
-314.019440 92.157516
762.214783 65.602257
512.819702 179.271149
646.433960 -979.677490
549.437561 192.114609
482.172668 721.590271
92.235229 30.016727
-1052.997192 -284.557343
185.600998 268.454529
-235.532410 526.440491
221.350021 732.369324
-236.924911 -484.195435
-53.967476 636.046143
-242.609329 -3.419828
99.671120 -73.262375
200.490524 417.738464
441.189148 25.262856
-73.960999 638.974182
786.769714 7.347773
-131.194366 -775.025024
-392.394775 -176.329163
1263.146973 438.249481
-959.269836 -157.642899
182.570969 323.474152
62.017952 429.294006
-84.826813 594.641968
-126.889839 121.731384
-801.255737 -938.209167
-168.046326 244.735657
198.331802 473.072113
-43.655918 0.980435
551.001770 -432.581665
188.538971 -147.622589
162.840469 -776.247559
-452.403595 370.778046
624.620605 -418.191650
-58.032604 54.851067
-601.786987 26.362040
460.179047 33.451340
711.560242 -34.474659
127.822365 712.634583
-373.604065 156.490952
-251.059418 -382.940308
994.434570 8.941620
-471.364014 -35.844017
4.306894 -539.903137
108.468094 -777.220703
-70.225845 787.022217
-10.714994 -429.345459
256.691620 19.173668
-235.394623 548.656799
781.342468 343.238831
-170.839203 283.176117
-31.614618 35.414261
251.124756 122.760696
162.870102 120.414566
-3.611642 148.036697
190.177429 -240.220093
-138.376480 73.355865
16.678194 -532.055603
637.952454 -858.751587
-611.844177 -233.877213
1380.862915 221.188690
0.830727 -821.515808
75.460716 247.805557
-351.500977 -243.300369
397.234863 378.185333
-285.384308 -47.115353
-87.711288 200.066879
-373.017090 634.358704
455.989563 786.204407
171.454865 150.898880
18.605904 318.623199
-134.607147 264.027252
-94.308243 -231.643280
-25.975992 494.902802
201.153183 -637.286133
370.093811 -587.496399
282.414764 -39.729248
-197.283676 -530.607178
-203.664825 5.808450
860.588623 208.476303
-128.627960 303.896179
-678.820251 558.355469
299.690643 80.001129
737.396484 -438.721802
-270.206665 -189.070145
-102.906693 507.416382
-328.857269 -286.046844
158.344452 94.257965
135.376328 -72.127098
185.637161 -52.842773
359.078796 233.174240
-6.040936 -504.318298
-789.235229 155.046036
974.387695 -715.544922
-116.510178 164.714233
821.829468 981.201233
-78.213020 -548.237976
403.547577 514.617676
620.790161 -55.793957
134.883820 -571.688538
-47.203068 -113.937515
3.133089 -447.266388
-236.829773 202.649994
-91.483063 -327.852234
-1238.140869 365.794220
408.439148 565.314209
-263.588989 -978.015625
-19.400085 -709.229248
-634.220703 -501.463898
363.653107 772.287598
-2055.680664 1135.925049
-68.875877 -741.831848
-75.191925 -731.200745
57.369434 -394.746948
-319.713531 -10.596092
345.413452 -1130.875488
-171.610199 909.827087
31.007324 1152.461548
-391.422699 616.823792
-747.451172 102.976830
-190.788681 -1140.366089
-307.893555 227.818619
-755.279236 -515.182739
-392.550140 -513.362488
283.701385 -88.124748
256.139221 -446.775970
157.975021 -718.014893
-651.455322 325.147064
-230.382233 -458.502472
1437.993408 127.453033
413.409760 121.045944
254.270172 169.600876
-334.806824 -346.280365
119.808250 636.541992
-330.152191 488.796967
777.540222 133.321533
-169.455048 -252.065323
-65.172539 116.519836
-4.991294 49.595806
1441.984741 285.306763
-349.373962 -99.559250
238.137054 -413.516846
11.618590 -50.965038
-108.138649 774.934204
-174.917877 11.872847
-1761.742432 -914.530029
90.712593 304.835907
-188.930588 -253.285065
252.250244 541.781128
-243.793579 -209.840317
-318.511353 -148.847244
-304.837219 1122.738892
-216.270691 694.147095
270.941437 173.451035
-149.635513 -32.371132
88.801842 608.266174
215.643997 -1.874274
605.222290 731.278870
158.511597 -105.128555
-239.014481 -290.513428
55.193554 8.950260
-120.076866 189.777985
510.002686 300.088654
14.328003 -967.513916
-305.011108 -949.988281
-117.597908 -1036.887207
-691.922546 -84.678413
682.460449 430.461670
-461.955383 275.185120
-275.968018 -270.328064
-76.277199 335.542480
436.554291 492.622101
-476.158844 -1310.563599
-10.809778 -14.723387
126.982704 -220.638153
-57.193783 824.742188
899.218994 1001.072815
65.080551 1067.228516
