1000 2
61.623375 699.445801
616.196899 988.270142
1184.736816 -16.182291
-1437.410156 -151.775314
-448.912018 -1.855372
-176.350723 484.269257
705.513123 526.553833
511.499969 -877.946838
-580.656433 770.256958
806.078003 -1403.070190
-187.867264 17.576145
-1188.230957 130.888885
-20.942944 -404.848297
225.770752 1375.690308
-431.875275 251.247940
-71.172470 -1494.437134
-168.181854 -41.863052
-637.673523 -624.724304
-24.090372 -127.180779
-1676.442627 -132.843536
553.866760 -206.541824
-458.106415 393.771881
547.357483 -637.244629
-402.923492 -280.808380
54.261307 435.741455
-328.996094 515.977112
135.065506 205.121185
574.999146 -765.497559
-219.627274 -898.782349
-277.563354 -816.814941
-100.536659 -216.166809
-1034.291504 -522.319946
-220.300049 232.443222
278.376587 -107.902565
-1709.795288 518.690125
222.873474 1295.765137
-404.734558 362.823090
-657.400940 351.602478
94.334915 100.169441
337.161346 532.246155
113.691063 -875.360413
214.605026 308.731720
-65.039185 352.897949
-536.546082 59.449799
458.258209 -356.167450
-611.980530 37.908974
44.816780 -172.130081
-515.720947 -174.844986
285.506439 250.222015
-102.673027 -749.704590
163.706146 325.980499
-43.118530 1024.902222
78.299881 -1244.198608
227.525864 -588.382935
330.159576 -937.201965
164.358505 -880.812683
842.555664 110.422203
-406.808899 -570.060181
740.152893 -164.608795
-394.397217 -216.874802
681.988586 -97.152100
376.208832 -474.425690
-92.555656 117.715988
-224.169250 1187.418457
61.699707 -1568.820679
-492.355103 172.820358
-1064.424927 187.840164
77.506584 -44.922592
778.189087 -46.700291
98.168343 -498.201569
-606.551941 520.230591
-599.839417 -2003.214111
271.899780 452.940979
1011.347046 53.491127
-557.083313 23.520960
-424.831390 1078.016602
-288.917480 1475.229004
-315.215973 933.019287
-177.479645 -801.992004
1833.027222 -462.994141
44.691566 990.695679
-268.683075 326.137238
104.559456 123.784828
-286.548553 1463.112183
-160.192230 -677.936218
-643.351013 -333.149750
413.279938 113.618446
273.494812 -1057.785645
101.995010 558.397888
1307.743530 -2775.352051
236.121399 1258.718018
473.841858 -1390.982056
-888.117126 -248.648773
114.141388 502.009338
145.982849 -471.696686
174.844666 -429.285400
-494.979828 772.668518
183.325134 343.556000
95.644493 -159.216370
289.230499 -258.932983
245.113098 704.790161
130.530273 -2459.226807
-345.018707 359.031860
-86.959938 -1354.486206
-430.805389 1015.094849
42.935600 661.603088
196.067123 216.775955
360.122070 -628.343933
36.136929 -183.982208
-305.104004 -46.433651
184.622345 747.901672
422.694275 -1000.086182
477.730560 586.950195
-293.652252 987.758972
63.451618 1905.546509
106.337379 -797.847473
668.456787 -47.830692
-526.384949 344.374847
356.673065 456.858521
-182.596634 2270.797852
170.052643 -696.290833
498.354248 502.587311
-747.743042 777.434692
-316.254242 -1785.418091
695.988586 -61.672806
228.357269 177.741119
-181.077240 217.365494
-49.043201 -1241.534058
21.328211 -161.855865
177.112000 461.746338
94.928566 -186.529755
637.360718 -720.826416
261.136536 -390.244354
-120.856064 305.481201
272.617126 -194.247879
-1283.238892 -381.798492
-76.941574 -249.963318
-632.051453 -696.276062
-278.493317 1021.407227
-867.159119 -454.789093
-141.742752 -273.884155
279.296539 -732.497925
568.962891 198.420990
-543.947388 540.804199
-122.624611 -24.012495
-564.776184 998.941589
2.786275 -762.820190
-469.776672 -57.893261
-86.881020 293.890961
-878.155823 -423.594696
-575.873047 106.999817
-203.386383 507.306702
-827.782898 -113.910370
-129.696625 -182.822174
-340.512634 -481.801239
-300.549622 170.025742
-726.943604 1286.340210
-904.853271 -306.667633
170.345047 778.008972
186.844025 462.671173
-332.676910 142.567245
-172.888870 415.652435
-345.205048 803.463196
202.662689 -398.777069
414.565094 -75.340561
587.120483 299.049744
27.746977 -61.255661
65.496391 -70.065598
-639.176147 -737.628174
292.186462 -453.279388
682.963623 -169.580261
-203.136276 473.349121
237.193405 -284.102356
-640.733765 45.817162
53.400650 -184.511902
-259.877930 998.525146
215.337570 1090.421143
220.561111 -446.553009
-549.702759 1145.591309
-249.484665 -877.958496
1349.757935 -191.547791
67.187157 -413.536072
-332.852539 783.169434
390.774323 -1057.150513
-936.690247 514.724304
-134.069641 -2815.689697
189.895767 -415.230530
559.402405 59.063885
675.996460 379.655457
-645.496216 615.164001
176.916321 632.727600
-914.991455 1046.680664
-416.036926 213.732819
-121.575844 -1796.624023
-341.208069 -139.017715
-393.723999 -334.592987
143.675995 -283.834534
934.322693 -127.787041
-86.309166 -164.186966
-303.301514 436.546570
-75.730316 683.542664
2121.542969 -47.152435
-557.140381 -461.904236
382.935669 -891.866943
181.751785 -469.039093
-394.175385 314.109833
-237.390305 983.419495
42.124031 -1463.090454
684.217651 120.502335
-974.432312 332.504120
297.374237 168.814713
923.701965 34.615494
17.744333 146.435059
-1348.612793 293.476501
-611.347656 -43.203384
-759.032715 -409.269226
-681.283752 382.988434
301.791107 -703.446899
703.591370 380.801849
125.012169 538.253235
-47.312992 -500.705597
-282.559448 702.584656
507.873627 16.202074
-240.576431 -1963.210815
-694.385071 -479.235840
-604.109192 -1233.232544
338.647308 922.122192
375.713806 221.889496
155.393967 -200.721817
302.959747 9.096321
-550.052734 -1319.271118
-553.363647 108.515930
-474.524261 213.775589
-852.066711 256.196228
189.565308 467.236633
-495.278748 -599.813354
327.695496 325.031311
-1447.373901 -713.595825
80.435379 925.115234
-348.968262 1202.889526
3.383507 -69.530960
128.692749 508.470490
146.888763 181.178802
-164.366898 -979.942322
-395.889374 593.953247
-130.933212 -140.765945
-2334.758057 -291.047699
158.041061 57.317333
93.608223 737.304016
1976.206665 -275.559662
30.694614 -234.087387
60.840809 60.713757
265.406311 658.851257
-300.614838 761.313904
-142.799454 301.124817
168.366013 504.639496
56.192699 257.185791
-173.057205 -605.930969
-299.720825 -758.904419
77.144402 695.011902
-459.443268 111.270264
443.290771 -5.001099
456.416382 345.736511
31.794434 -1395.365967
65.273422 328.625122
-228.082550 -557.748413
-382.838104 285.532776
94.121254 501.811188
-565.542725 -10.223155
231.577911 0.611956
422.869904 -41.230537
-703.318054 17.781649
115.172485 -812.190125
-219.419540 1113.808350
-297.108826 668.538208
-528.633118 -221.237808
116.273773 0.798183
-473.847015 -52.984009
-415.754028 817.519165
-2040.998169 -56.651493
-41.580700 118.466339
177.970856 238.122910
-562.879272 488.702087
-687.448975 323.611298
-5.667467 180.818176
266.592468 101.294670
-16.180233 132.389282
-233.976746 1427.017822
-380.602356 -614.179626
-203.304077 -108.262749
1.418030 -118.104103
895.083740 955.534668
-109.207550 -131.219269
827.010925 1019.515808
95.841507 -11.280313
-756.942871 -625.253479
168.730682 -180.879776
848.388306 -869.918640
110.311989 -452.456604
851.945312 1332.022827
16.554993 -23.530861
344.367310 -494.193115
318.750885 224.157791
55.508499 675.853088
142.208145 529.076294
713.163696 -841.926697
-35.322582 -142.467560
82.041313 -933.671692
856.337158 245.710220
-189.423447 267.332489
325.317413 -583.701355
544.061157 1470.933594
168.931915 -328.886261
453.242950 11.710638
-408.483337 59.678787
272.036102 524.868103
343.339142 -117.221886
508.990692 542.657776
-307.262878 219.833282
409.304291 -620.516418
-305.270691 516.311096
-49.159618 -303.836609
863.916809 -446.377747
-19.306898 643.968323
216.578339 159.193344
-189.537155 258.444977
145.834503 345.574493
65.201317 848.852539
783.957703 -116.256073
-1109.702393 -821.563416
64.949615 217.459625
309.084991 616.989502
-280.363556 209.759567
-164.671402 -199.945084
-742.569885 193.133881
-201.058044 941.864014
126.834152 230.614243
-758.080261 -1830.773438
-274.028534 132.041199
-454.379791 678.015076
42.709866 873.938171
-1623.284180 467.652405
243.972610 -84.803024
203.525650 -607.671021
954.639587 306.779449
-302.437927 -722.743896
-1095.700439 -362.582428
-353.564148 508.007599
50.512844 98.747658
-87.662338 -1599.312012
-626.310120 701.890076
543.759338 -21.308949
-32.230522 817.692200
695.734436 -447.491394
26.356363 250.234375
543.907776 546.669312
-364.241119 -249.982864
242.063950 -614.301941
-661.933533 704.271973
-495.067719 945.330139
-66.739929 838.400208
694.872253 -443.668213
-298.689972 -183.237122
-1076.069702 -86.918152
642.311218 126.772614
389.237885 -167.838882
295.354889 227.191849
-527.423462 323.538788
-232.367981 -269.140564
10.426096 -853.374573
308.778595 16.999481
-314.284149 -680.287231
-462.891998 405.695831
-906.328064 60.983425
615.294128 -73.909691
1155.232910 439.321716
-529.836853 321.573730
103.645264 -1609.780762
-472.796417 440.446899
-569.669678 -1053.198486
-2482.868408 335.512909
-233.896576 -56.927464
-333.917084 1375.555542
-204.020065 -624.426819
-100.567223 176.136658
-35.995079 315.121246
-787.415039 362.455078
921.292236 -528.871094
334.839111 223.129105
-590.705139 -311.488525
-54.346268 38.224716
-211.681778 996.055725
-508.961731 -342.377411
400.391632 -557.265564
-81.088356 1376.013062
253.600037 374.547668
-280.900055 12.042105
547.292358 553.615906
-504.008423 267.774139
-691.961853 -240.004593
-404.118500 485.068970
-3.007826 -94.363861
-1094.486816 -503.526642
-261.085968 104.137146
-378.971466 -180.487152
507.287781 54.358215
-591.704529 643.332947
711.544189 859.740417
458.761597 -193.871735
-123.289719 -354.368134
330.421082 152.120605
861.523193 -687.455078
-73.536171 -66.994789
-630.174805 -503.523041
-456.950287 551.151672
-1174.921753 -749.805542
-262.801270 -688.111633
511.814026 609.076782
530.379395 20.136419
-1224.777954 -389.171875
457.979950 -135.571274
283.302765 996.023010
-577.077942 -43.297695
1011.658508 -148.205170
423.199860 123.387009
405.701202 -754.405029
-0.535694 -491.524139
591.323059 642.574402
-640.090454 138.060547
546.992920 447.839966
-173.330078 -286.722687
160.085907 1394.110596
-472.566742 131.036438
-1442.816162 259.607391
-87.013573 609.240417
311.142395 1973.294556
-559.944031 -229.439163
48.698448 1168.139160
-61.685940 -173.922333
-396.938995 -522.890259
-1767.442871 72.911880
155.066772 179.912659
-153.897491 -32.841259
-726.806030 -28.982927
282.567200 -152.921127
-634.068970 129.383118
335.140167 -565.346863
1392.440674 147.673492
-892.179443 -48.248383
312.331543 979.623047
-708.815430 98.650009
-254.259644 661.256897
-465.816498 -27.392864
681.289307 2025.066284
-208.745850 -160.563095
-12.858653 379.799927
-137.748169 114.691254
47.613590 97.441185
-397.053558 293.462067
-231.062332 -183.500778
300.813416 -541.930420
-310.556030 -1603.299316
-439.661377 1388.335083
805.689697 637.069580
305.342651 -303.574066
157.923798 1874.221802
151.018936 -445.092926
537.113586 -1023.985962
-1231.535645 382.496704
-144.646942 -1536.059204
109.911781 446.607574
-688.333313 -179.130981
-689.989136 147.702393
358.796448 1501.258667
-858.118591 -495.864807
1265.302368 -29.227818
-264.814148 251.942505
-512.856262 230.720917
-5.501267 -53.964279
-194.815598 -199.387054
-599.867859 58.841133
-789.840637 -1517.250488
223.264008 -151.735779
-1775.808350 -927.295593
588.738159 431.235077
199.151199 -761.955688
-161.858231 -20.025333
-1460.658813 28.520706
-501.909424 270.437866
283.386108 1098.459229
-103.702660 332.741974
-1991.731812 -660.437195
-595.633606 -358.308319
246.646606 75.706047
-1954.889648 -384.611694
451.469330 -221.687622
130.683395 883.048340
944.749146 -521.521057
87.652168 -298.092285
-268.325317 -779.558350
-1411.317993 -296.058716
-723.760254 -22.416054
-112.530785 -217.102310
1088.255371 -384.276215
-139.321152 372.662292
-358.906494 -1113.707275
826.560242 -200.214722
603.967346 3.002983
-211.079254 -11.550962
-220.042236 -1360.679932
1068.107666 354.817169
-921.795898 -303.374268
116.778107 -892.617126
249.588058 863.311523
-196.601974 374.068176
-177.465347 476.550262
280.505157 -116.415939
455.240234 746.085938
-204.843475 -179.789429
66.016716 771.470642
370.412750 147.116913
-301.344666 -1812.830688
-318.920074 -820.121521
533.505798 1245.756348
-1865.207520 226.812698
-901.192505 -179.645477
-178.038696 184.957260
-514.194824 1090.893677
-80.797623 115.711662
735.598389 -188.796692
-673.053040 -13.418223
-461.768311 -257.223846
-793.686035 88.727242
-4304.416504 -750.885742
22.485838 -341.528870
-16.094648 -395.204956
-401.797058 614.944153
-480.442200 433.240997
-10.781862 455.452332
226.242996 -370.630524
318.720032 23.868830
-893.346619 -386.676666
208.157959 -410.035889
-20.233604 -18.292812
39.542236 -105.681557
31.820248 94.544762
-227.516373 1162.200073
-522.863464 480.650085
86.552658 -101.398460
370.899658 -831.000793
-1464.537354 459.661774
-251.174316 285.136017
-42.084198 231.870804
-289.454163 217.216827
168.843124 185.309052
-848.135437 515.352661
-359.105255 -95.520241
3587.920166 -26.801394
-452.907013 -302.052551
-382.861938 -430.500153
826.624695 -420.190643
1664.417969 192.195663
-212.739227 -456.089386
-60.507401 482.472137
-305.561859 -34.119892
-203.061615 1993.254028
-661.189514 392.009033
-352.688660 -628.564453
146.525909 -249.361710
89.439331 -269.107666
-485.429657 -731.169128
142.892059 -844.127686
195.688538 -62.953991
-1318.171265 349.573822
23.188852 273.146179
-859.039673 -557.417786
506.431641 648.111084
-676.154968 1633.135742
87.281136 801.086426
-627.288391 79.923569
-1103.639038 281.595215
-232.837738 127.455360
257.394623 139.084015
25.781517 -113.329643
-491.883148 246.112717
679.765686 -1531.865479
351.222687 36.503864
1243.965698 -209.271286
-145.956070 -116.025452
640.803223 -202.763794
289.951202 -24.972965
-157.900528 1139.117065
-797.457336 -113.223839
248.547592 255.033157
119.613930 142.620560
-754.218201 -156.649460
-1351.361450 250.934204
-1951.045898 1222.320923
-416.278076 1398.430420
42.980877 -121.883499
8.839272 315.842499
-1598.135864 -546.488037
-221.600952 469.180695
-392.624451 1688.627930
871.249207 218.513870
-219.191483 171.607513
-574.802979 -53.099880
1081.378540 900.723938
-1050.546997 18.403656
12.957175 -417.684326
759.353455 21.031572
141.881958 -499.053650
-239.434235 273.430237
734.649963 -585.104309
118.550613 775.735657
142.021545 -1379.057007
-702.045776 -273.857300
-455.064240 -495.172028
-689.750671 -15.040988
-401.028381 98.693306
68.131783 257.401794
-518.429626 -64.033684
12.399456 -74.328064
-400.522522 291.784760
9.737771 -151.117813
252.219009 131.479431
152.098755 -1822.663940
133.838638 53.591652
-484.134583 701.844666
-235.128357 -300.406494
-31.524996 611.690918
412.178986 -501.279999
-238.481766 -2082.729492
1029.744263 60.884804
404.282349 -209.363495
85.345573 609.692017
-61.853039 -583.079651
-1191.293457 15.533442
204.838257 251.976990
90.777634 526.845886
273.026886 -1003.947754
-1199.526123 -802.967041
508.391083 -80.836243
-407.996338 -11.123278
182.321991 -375.212646
259.710815 -378.826416
90.016838 1224.133545
561.556213 -1281.598022
98.919823 -128.202850
-279.803711 904.037170
-62.435463 -109.643509
509.145294 -652.601990
-317.989044 625.052124
-229.255508 -122.224091
-346.653717 416.230408
914.303101 -2609.546387
480.883057 386.838440
277.598267 -282.473755
195.816360 -369.943420
-16.940039 -1145.938843
-245.635498 294.964111
-972.770569 -240.624115
-86.473396 144.004547
51.969467 571.178040
546.875488 305.629333
-2030.269409 384.573242
-84.153542 38.783890
-686.396484 1236.320190
199.065125 344.811859
-346.742798 977.337646
-681.102844 -39.290936
-369.653900 -36.760185
28.019478 127.823471
-700.791321 -101.741692
502.613281 539.059021
-78.664864 219.205872
742.480164 -64.244873
18.231619 -871.576294
323.903381 -280.033844
-107.260300 1098.522705
-367.199890 97.796089
-9.975053 -76.715103
284.861237 206.154053
-239.793594 -1562.528442
121.607941 210.838318
-60.733551 -633.825134
408.058990 -532.083435
480.851410 -222.655151
-395.854462 215.364960
-484.317688 744.669617
-291.765533 120.211967
57.174660 64.824120
379.188843 -270.669281
265.556915 15.007095
-432.590271 -522.404785
-493.235870 398.418274
1303.046021 -116.487434
28.090694 -1881.457764
-8.882007 772.020081
-418.325378 -752.047119
5.644659 -135.290710
175.095093 945.934814
192.162811 -112.057648
-115.625038 -2383.987305
-774.680786 -96.319305
-448.964966 -307.712799
-1749.384399 187.096130
-18.814793 -660.786926
-636.120422 164.828461
-932.698181 888.279053
-58.587486 534.823669
657.933655 219.075714
617.999573 495.670959
135.680145 144.982391
7.888378 138.366791
-574.187744 675.680847
393.988434 254.006729
25.156843 -1491.062012
-290.126648 376.599457
-498.871033 1232.761230
218.957809 -107.653435
676.831665 1479.243164
284.429565 -159.820267
810.272766 -928.953735
-544.869080 -937.374695
507.015717 -697.927124
-259.467407 -289.392456
-357.371338 -532.111877
404.134888 -196.370773
-263.775024 -1804.209961
-84.589066 318.868103
-776.114685 498.571320
-1029.153076 429.879639
282.638947 1723.091309
372.690704 -325.418182
38.641129 2126.581299
-946.475647 -58.744770
703.430359 328.465637
-1125.405273 285.845825
22.444822 1652.747925
-873.196533 -30.387861
128.398590 -187.057068
-355.876404 -1484.657715
-177.285629 2027.897461
103.900597 -55.328465
63.878403 1304.777466
-183.321259 -477.856781
1473.800537 -226.648087
-197.313339 384.881012
-318.508179 -1282.407959
-877.392273 -308.863220
-234.794907 -26.439852
-213.748444 -355.991577
763.608948 -1104.722900
132.848801 280.329193
-173.420166 -573.678162
-244.519943 -437.960052
-521.887817 148.226013
-388.930695 -147.933640
-71.774300 1038.217651
110.386856 57.713463
213.226883 -408.890503
377.186737 -472.392273
214.887070 -450.280762
-446.583710 -23.568815
148.325485 720.710144
49.734283 41.113945
-229.179916 179.686676
35.686630 272.355469
-552.416565 -230.127457
38.489220 264.482544
422.247162 665.637939
-175.761887 -379.950409
-571.874512 -1273.361572
-132.749146 -31.027145
214.731949 790.669983
218.427795 347.338959
609.507996 -834.281555
-408.882416 588.819519
-272.717743 484.824768
-443.798370 284.678894
-1143.318359 692.809998
-242.333282 597.835571
996.264465 630.846375
52.988281 181.023071
1779.984375 960.860046
202.368637 621.958923
-382.726501 980.912048
342.027679 610.111023
-276.004669 819.169189
31.248766 239.615875
-1.909345 -455.277252
395.396576 -177.678162
495.848663 -618.155396
-74.676453 605.876160
86.521065 -472.298553
-89.815933 -20.013155
107.229263 -268.062439
-487.563660 -655.084412
-779.167053 749.272461
368.244659 225.169510
-7.845193 54.015923
33.566910 568.578674
1083.548950 110.069160
-26.802462 166.130066
350.968536 843.602539
-347.869324 -553.368591
448.533966 211.122070
-338.392456 209.918671
-90.714279 697.442749
-24.034821 -264.298950
-1696.670288 536.934204
997.377808 -103.698494
127.187836 493.040314
494.916656 471.071411
-300.342651 778.461365
-253.596710 447.650726
481.839172 154.430298
-888.473633 237.621078
253.717285 -1088.305298
-239.490356 -38.541054
67.589516 -13.760872
-508.522400 63.282780
-678.347046 -396.027405
316.671051 315.438202
-253.688507 847.368958
-419.490479 38.942654
1052.012695 -241.286331
-859.704590 -119.290199
711.377441 1451.955688
-224.230896 344.600525
1255.877686 -687.937134
-33.470970 870.371887
82.460091 627.261414
107.740356 -841.009949
-293.588226 752.186768
-301.700012 279.402832
-326.892761 480.364105
287.606720 -608.353149
466.777100 -1367.554688
-164.004654 -660.805176
779.288635 977.377563
1066.164551 141.080887
106.828972 361.796356
-521.434387 954.311829
365.862122 567.266785
257.198395 -141.447128
55.179798 -1702.067993
79.815948 99.631683
-427.143494 626.779907
607.627991 182.481049
-315.717590 -1011.624207
-84.976341 -297.650818
-229.082092 -1022.183228
-269.436401 255.612625
-801.270935 -1008.633301
-381.493744 401.022827
-1291.657959 -14.932039
5.354235 -135.459106
-9.395238 776.476379
-100.208977 722.419678
-409.577576 147.166321
-165.598694 -706.826355
-603.209839 563.548706
517.922241 -113.047333
-64.697990 -458.380219
-0.902041 -897.396973
-493.708435 376.406311
-137.660370 -693.967468
47.537674 236.154892
-330.253906 250.320221
87.147446 -323.854797
-495.251740 -341.976776
181.827499 68.542885
-192.595444 396.506073
16.359446 -49.572109
-2.129718 -61.517452
-980.381653 -9.020844
185.082169 -96.769829
174.665695 371.692841
-218.179413 -1445.887695
494.869446 1258.223999
-2385.635010 -33.106815
-923.370361 -1300.340454
51.692841 -103.280693
1218.406006 -208.137833
-134.620178 413.009094
353.879761 -906.266602
545.681335 245.727890
236.115753 655.981384
-146.937561 871.892639
625.641052 346.908020
-176.037079 409.748810
459.812866 120.477867
-44.983330 106.717941
308.614410 -267.980042
-747.448364 -1388.250000
-1568.140625 -979.192200
-649.194763 222.377579
-291.849152 249.498047
28.318005 530.966858
633.385559 235.575485
-970.626526 984.371521
932.107727 771.674072
-475.329987 419.263184
-1067.354736 -468.054993
-87.428490 96.510071
689.965393 704.900330
131.068954 -857.653381
235.560532 66.817612
141.256729 263.397766
785.658630 -240.746155
228.032272 171.589691
-20.808849 -939.729309
837.738464 -460.415070
-1139.547729 1185.421875
-38.700733 -178.212219
-382.237793 1055.791504
-265.182343 -823.442261
663.935608 -123.814423
-67.790596 -12.066984
-46.140873 793.611389
-333.378815 1005.154236
-12.500332 -540.540405
-234.410568 153.727982
179.124832 -450.432556
49.664841 73.864342
-246.837387 960.019653
401.701782 -1017.165771
-188.499161 -1279.337036
101.591110 -1619.753052
160.362900 880.067078
1598.614258 852.307983
-766.687317 -985.847900
358.701141 -340.149231
-197.195557 339.107391
37.509155 -130.767349
-493.630432 -1812.065674
72.977989 829.922607
-177.632141 491.467804
-642.802124 559.978882
232.682770 239.829605
-117.206741 -2173.756348
502.820465 355.267822
628.510376 1376.069092
484.776306 -1136.183472
137.342651 252.004196
850.398865 528.980713
-530.848450 -848.991089
-221.039764 617.742920
-22.794775 -539.440491
-604.853638 145.391373
-522.272034 382.730316
125.437096 -330.992432
-327.353424 -789.232727
808.504822 458.301208
-363.102325 672.103088
-205.256317 541.430298
-208.840149 305.214203
150.616776 4.957593
-613.112549 -22.760675
-292.444366 590.841492
-353.514313 82.868454
15.732399 -497.793152
590.340576 384.091217
255.124786 1280.205811
298.029297 64.263596
667.479736 -1163.486450
-355.519897 -193.698273
-221.106842 -442.442108
39.371689 351.860107
1059.692261 -516.158569
-385.495331 -282.716064
-1000.844055 1122.473877
141.706833 -167.182816
-217.470932 354.992279
100.233665 -92.110947
-723.017578 311.059845
-331.558655 665.990906
-66.266777 1070.891113
-446.540741 4.173088
326.687286 -493.074921
-685.810913 647.671753
-488.318970 2.901463
-621.959717 -233.170105
696.616882 999.209534
-397.416473 471.713593
83.271759 -2247.273438
-526.423706 -153.374741
-204.222488 372.868378
-1274.327148 150.269867
-35.412479 -853.731018
-505.609650 267.533020
-750.203613 265.637695
-64.587891 -1028.969116
-59.996494 90.427696
-226.162491 159.541107
398.637848 767.820557
38.405231 682.906677
-2201.999512 245.647583
